# Dimensions: 10x10
# Entry: 0,0 | Exit: 9,4
# Solution: [(0, 0), (0, 1), (0, 2), (1, 2), (1, 1), (1, 0), (2, 0), (2, 1), (2, 2), (3, 2), (3, 1), (3, 0), (4, 0), (4, 1), (4, 2), (4, 3), (3, 3), (3, 4), (2, 4), (1, 4), (0, 4), (0, 5), (0, 6), (1, 6), (2, 6), (2, 7), (2, 8), (2, 9), (3, 9), (3, 8), (4, 8), (4, 7), (5, 7), (5, 8), (6, 8), (6, 7), (7, 7), (8, 7), (8, 6), (9, 6), (9, 5), (8, 5), (7, 5), (6, 5), (6, 4), (5, 4), (5, 3), (5, 2), (5, 1), (6, 1), (6, 0), (7, 0), (7, 1), (8, 1), (8, 2), (9, 2), (9, 3), (9, 4)]
b9393d13d3
aaaaa96c3a
c6c6aa97c2
95796ac17a
8556943c56
ad516bc553
c538545792
93ae93956a
aea96c6956
c546d55457
